0,
0,
0,
0,
0,
0,
0,
0,
0,
0,
0,
0,
0,
0,
0,
0,
0,
0,
0,
0,
0,
0,
0,
0,
0,
0,
0,
0,
0,
0,
0,
0,
0,
0,
0,
0,
0,
0,
0,
0,
0,
0,
0,
0,
0,
0,
0,
0,
0,
0,
1,
0,
0,
0,
0,
1,
0,
1,
0,
1,
0,
3,
0,
6,
0,
11,
0,
7,
0,
9,
0,
16,
0,
32,
36,
0,
51,
0,
75,
132,
0,
202,
317,
0,
450,
702,
0,
1118,
1628,
0,
2457,
3368,
0,
4181,
4844,
4943,
0,
4650,
4256,
3653,
3096,
0,
2533,
2297,
1986,
1828,
0,
1619,
1544,
1520,
1480,
1444,
1359,
0,
1340,
1290,
1283,
1253,
1239,
1168,
1190,
1181,
1181,
1274,
1310,
1384,
1403,
1532,
1581,
1756,
1759,
1772,
1807,
1737,
1756,
1698,
1728,
1609,
1559,
1620,
1552,
3110,
1506,
1560,
1527,
1623,
1671,
1653,
3356,
1815,
1768,
1842,
1902,
3988,
2099,
2228,
2139,
2290,
4456,
2332,
2331,
2269,
4731,
2400,
2399,
5169,
2757,
2854,
5833,
2944,
2876,
5442,
2628,
2470,
4570,
2168,
2126,
3895,
1700,
3025,
1368,
1353,
2688,
1433,
2899,
1450,
2732,
1246,
2445,
1050,
1947,
828,
1563,
704,
1314,
600,
1280,
637,
1215,
663,
1260,
1273,
745,
1459,
734,
1554,
1419,
750,
1501,
656,
1457,
1359,
652,
1254,
1248,
590,
1219,
1185,
1227,
549,
1106,
987,
778,
307,
553,
442,
317,
138,
220,
172,
101,
74,
28,
43,
36,
22,
14,
10,
4,
1,
3,
2,
2,
2,
2,
0,
0,
3,
0,
0,
0,
0,
0,
0,
0,
0,
