7,
117,
777,
3898,
14850,
17502,
7926,
5433,
3064,
4283,
2630,
3775,
2358,
2362,
2584,
2787,
3113,
3515,
3579,
3493,
3426,
1609,
3179,
3057,
1605,
3066,
1527,
3294,
1653,
3356,
1815,
3610,
1902,
3988,
2099,
2228,
4429,
2215,
2241,
2332,
4600,
2367,
2364,
2400,
4952,
2616,
2757,
2854,
2880,
2953,
5820,
2758,
2684,
2628,
2470,
2286,
2284,
2168,
2126,
2080,
1815,
1700,
1615,
1410,
1368,
1353,
1312,
1376,
1433,
1475,
1424,
1450,
1391,
1341,
1246,
1290,
1155,
1050,
0,
1000,
947,
828,
801,
762,
704,
662,
0,
652,
600,
667,
613,
637,
0,
600,
615,
663,
611,
649,
0,
612,
661,
745,
716,
0,
743,
734,
802,
0,
752,
690,
729,
0,
750,
760,
741,
0,
656,
682,
775,
0,
669,
690,
652,
0,
597,
657,
0,
658,
590,
590,
0,
599,
620,
0,
577,
608,
0,
624,
603,
0,
549,
543,
0,
563,
507,
0,
480,
411,
0,
367,
307,
0,
276,
277,
0,
246,
196,
0,
180,
0,
137,
138,
0,
118,
102,
0,
88,
0,
84,
57,
0,
44,
39,
0,
35,
0,
28,
23,
0,
20,
0,
14,
22,
0,
10,
0,
12,
0,
8,
6,
0,
7,
0,
3,
0,
2,
2,
0,
1,
0,
2,
0,
1,
1,
0,
1,
0,
1,
0,
1,
0,
0,
2,
0,
1,
0,
1,
0,
0,
0,
0,
0,
0,
0,
0,
3,
0,
0,
0,
0,
0,
0,
0,
0,
0,
0,
0,
0,
0,
0,
0,
0,
0,
0,
0,
0,
0,
0,
0,
0,
0,
0,
0,
0,
0,
0,
