0,
0,
0,
0,
0,
0,
0,
0,
0,
0,
1,
0,
1,
1,
1,
3,
6,
11,
7,
9,
16,
32,
36,
51,
75,
132,
202,
317,
450,
702,
1118,
1628,
2457,
3368,
4181,
4844,
4943,
4650,
4256,
3653,
3096,
2533,
2297,
1986,
1828,
1619,
1544,
1520,
1480,
1444,
1359,
1340,
1290,
1283,
1253,
1239,
1168,
1190,
1181,
1181,
1274,
1310,
1384,
1403,
1532,
1581,
1756,
1759,
1772,
1807,
1737,
1756,
1698,
1728,
1609,
1559,
1620,
1552,
1505,
1605,
1506,
1560,
1527,
1623,
1671,
1653,
1664,
1692,
1815,
1768,
1842,
1902,
1935,
2053,
2099,
2228,
2139,
2290,
2215,
2241,
2332,
2331,
2269,
2367,
2364,
2400,
2399,
2553,
2616,
2757,
2854,
2880,
2953,
2944,
2876,
2758,
2684,
2628,
2470,
2286,
2284,
2168,
2126,
2080,
1815,
1700,
1615,
1410,
1368,
1353,
1312,
1376,
1433,
1475,
1424,
1450,
1391,
1341,
1246,
1290,
1155,
1050,
1000,
947,
828,
801,
762,
704,
662,
652,
600,
667,
613,
637,
600,
615,
663,
611,
649,
612,
661,
745,
716,
743,
734,
802,
752,
690,
729,
750,
760,
741,
656,
682,
775,
669,
690,
652,
597,
657,
658,
590,
590,
599,
620,
577,
608,
624,
603,
549,
543,
563,
507,
480,
411,
367,
307,
276,
277,
246,
196,
180,
137,
138,
118,
102,
88,
84,
57,
44,
39,
35,
28,
23,
20,
14,
22,
10,
12,
8,
6,
7,
3,
2,
2,
1,
2,
1,
1,
1,
1,
1,
0,
2,
1,
1,
0,
0,
0,
0,
3,
0,
0,
0,
0,
0,
0,
0,
0,
0,
0,
0,
0,
0,
0,
0,
